0.089501
1.799948
-5.060035
-7.415922
-5.757922
0.902187
-5.270349
-2.673296
-3.316535
-6.253898
-0.458131
-5.399253
-4.158935
-4.337269
-0.791116
-2.385695
-1.873710
-0.310292
-3.433233
-2.343302
-1.918834
-3.585007
-4.837055
-1.617420
-5.594224
0.414650
-0.914249
-2.477986
0.073285
-1.155403
-1.613732
3.500821
3.740161
5.176968
4.034401
3.895458
4.467673
3.731021
5.298405
3.206757
-0.483442
1.562559
6.103191
3.555109
1.260401
0.458527
0.385248
0.979626
-0.152466
-6.066486
-5.205368
1.106842
-0.262635
-2.292216
-2.659888
-4.296931
-0.983993
-2.405861
-2.580550
1.901418
-3.501932
-3.017872
-1.715248
1.347621
3.029158
-1.781961
2.147827
0.034118
-0.540815
-5.004141
-3.021398
0.958166
-3.155325
-0.817466
-2.758792
-4.623249
-6.355508
-4.083423
-2.508635
-2.503954
0.527154
-3.099649
-1.589095
0.170027
-5.938746
-3.645863
0.284150
1.161092
0.839540
-0.440865
-4.580521
0.419657
-2.310758
-2.254213
-1.901919
-0.808403
-1.601288
-5.811600
-4.253516
-2.917325
-8.653169
-1.897437
-3.080966
0.674972
-7.213371
-5.733332
-3.875813
-3.012606
-3.161263
-1.776231
-3.413359
-2.002903
-1.807845
-1.080422
-4.009715
-2.920629
-0.608875
-0.329218
-2.535967
-2.199250
-2.137833
-0.501442
3.219109
-0.505485
1.409439
-1.739656
-0.294128
-8.362613
-3.338596
-0.559042
-2.367271
-3.732525
-5.209588
-4.823179
-4.273269
-5.314784
-2.532647
-5.536113
-4.007463
-4.191064
-3.303873
-5.864157
-5.376209
-7.325171
-4.743647
-3.587604
-5.027739
-5.877776
-2.303403
-1.323340
-3.324814
1.994348
3.811726
5.959547
2.591336
1.767264
5.686819
1.335051
6.477859
9.533986
-0.259124
9.228091
19.025965
10.327953
10.394876
8.615726
15.252925
16.760916
13.076604
-3.095533
-2.188611
3.610329
1.357416
5.176390
-0.923289
5.011377
6.581509
-3.816925
7.159147
3.725319
7.058826
1.766899
2.262897
0.525344
-2.458862
3.708758
0.637510
1.502270
6.345545
1.935400
4.927137
-0.786772
-1.236753
2.861854
5.689948
4.302147
3.909397
0.169398
0.958007
0.565551
4.286821
0.297328
0.176696
0.137201
5.208477
-0.942402
1.219725
6.064334
9.638891
3.878019
8.588107
8.809058
5.933267
2.997515
1.540039
8.807106
1.677941
1.245869
4.193062
1.857322
5.012368
-4.064088
0.754954
-2.369073
-6.045539
-2.326640
-2.284028
1.807519
-1.835468
2.553253
-0.713006
-0.573412
1.223554
-0.853584
2.558017
-3.602716
2.697869
2.121436
7.496227
0.476142
7.036879
10.328814
8.441172
3.477679
-1.663412
1.511551
5.869007
5.693241
0.735093
-5.057553
-2.478997
3.875335
0.958580
8.118848
-0.466213
-2.823220
-2.625530
-1.403999
-4.262368
-2.829084
-2.076482
-6.092248
-0.781882
5.726149
8.494544
3.987769
2.222324
1.648534
4.364007
-6.132910
-3.047837
-3.928891
-4.798818
5.099440
-2.095549
-2.916591
-3.214032
-1.084258
0.542257
-3.270615
-2.102937
-1.309646
-0.284701
-3.578881
-2.522211
1.586753
-3.480798
-4.830037
-1.856528
-3.328920
2.158024
-0.596448
0.179354
-3.339138
-3.823818
-5.970231
-4.105904
-3.243030
-4.371546
0.199307
-0.429941
0.897788
-0.149614
-0.260830
-0.833389
-2.606738
1.886921
-0.930576
-4.441822
-2.515467
-1.000028
1.430896
0.069155
-0.226687
3.507216
-3.079011
-0.525907
0.253272
-0.552814
-1.051396
-1.820485
-4.264776
-0.739990
0.942690
-3.983030
-0.630938
-1.279375
-1.110633
0.752341
-1.674869
0.509079
-1.634057
0.480914
0.466503
-4.577704
0.277418
-5.219160
-1.906932
-3.617779
3.371179
-4.505314
-1.223843
-3.346144
-4.399231
-2.084594
0.069204
-4.344518
-7.223760
-7.444436
-3.388454
-5.744949
-1.620521
0.111837
1.810785
-0.939514
-5.573703
-0.320969
-0.672344
-1.131741
0.089246
-4.839214
-4.437534
-2.463512
-0.806368
-5.113004
-4.410727
-4.183422
-4.328590
-2.003365
-2.765191
-3.695318
0.365870
-4.316571
-4.724501
-2.827940
-8.223193
2.640454
-1.237035
-2.591094
-3.705365
-0.421354
-8.127451
-2.934783
-3.457721
-0.886855
-0.674925
-1.963060
0.841968
-1.790563
-1.267982
-4.905361
-3.928236
-1.257170
-1.989126
-3.355190
-2.198142
-3.003205
-5.515769
0.699038
3.560993
2.506674
1.573495
2.353753
-4.154659
-3.984102
-4.120539
-1.260826
-3.989272
-0.515164
-1.671079
-2.687194
0.607596
0.538883
-1.929565
1.138441
-0.413263
2.237720
0.290257
-0.019745
2.699372
-0.876321
4.391413
3.171407
0.141294
-0.373655
-5.010744
0.517776
4.652157
-0.946949
1.128930
-0.300690
3.818448
-0.328581
2.598290
7.412566
5.364796
-1.435248
-2.886095
-2.061938
0.668975
-1.065894
-5.000521
-4.215436
-1.548619
-2.142635
2.787030
-1.033996
1.150918
-0.858035
-3.942241
-2.402161
0.349164
6.805821
2.804163
-1.209144
-1.372331
0.824617
3.164006
-2.071305
3.719933
-5.141269
4.108734
1.682208
2.392774
-2.128362
0.018189
-5.088168
-0.780347
-2.762744
1.534691
1.151748
-0.394440
0.399278
0.974049
1.198723
-1.738215
2.080063
-0.426825
-2.095612
-0.092570
-3.188324
-1.070036
-0.527843
-5.158552
-5.498792
-3.432176
4.978315
-1.052778
0.251427
-2.555105
0.085052
0.324586
-1.087232
2.456553
0.500162
0.529010
-2.956779
-4.428224
0.231400
4.824409
-3.813139
4.091799
2.243354
-0.079672
0.867427
1.868050
2.274926
0.170931
-2.925990
-0.155060
-2.941596
-1.791671
-0.455136
-3.819398
4.837228
3.127609
1.012807
-5.176977
1.303534
1.420787
5.398026
1.189102
4.077071
-0.587597
2.718683
-5.527194
1.194162
-1.934739
1.301517
5.187156
4.067267
1.861909
-0.328519
1.086753
1.464362
0.724813
-3.992295
-3.512625
-3.424249
6.200728
-2.406911
0.584520
1.173113
7.161376
0.157610
1.372533
0.669373
-4.993666
-1.697843
-1.885210
-0.234495
5.266203
3.201718
3.718790
-2.507394
-1.516145
1.757926
-3.235617
-1.264116
-2.706354
-0.598225
-1.761295
-0.166300
-3.099515
1.931462
-2.638024
-2.580196
3.265224
2.322999
-4.671738
5.035450
0.233451
-1.405251
-2.347803
2.893938
1.643182
-3.636882
2.122177
2.915192
1.571745
-3.725435
-3.924946
2.396156
0.381297
1.100844
1.438622
-1.912708
3.115823
3.483015
0.831250
1.251408
1.395497
-2.914676
2.159682
-1.164591
-4.729829
2.332765
-1.617067
-1.063140
3.045326
0.236566
3.778347
3.149668
-3.071916
1.495220
-0.877270
0.474013
1.512201
3.568940
-3.296098
2.897834
1.819183
-1.486625
-5.428552
1.629268
-0.397531
-2.777096
0.998211
0.331650
3.044148
1.059960
0.029800
0.110012
0.305162
-1.138362
0.218787
-1.073673
-5.196029
-6.802746
1.611310
1.642253
3.511017
4.853547
3.738864
-1.071170
0.364074
0.750773
-4.484840
2.908793
4.011571
-1.474083
3.376540
3.691428
0.378272
0.494992
-2.605591
-0.386929
2.501978
-3.469163
-0.153112
-0.507362
0.700952
-0.154928
-0.288608
-0.453405
2.838420
-1.445804
-2.260632
-0.313888
3.634310
0.679635
-0.811528
-3.321416
-1.471666
0.509853
-7.147998
1.225144
4.306230
-2.622528
3.662681
-2.358036
-2.276344
-0.892860
0.670403
2.559752
-1.598491
5.716826
-0.490654
-1.871557
-1.746972
4.823558
1.364478
-3.657436
-0.099060
3.915040
-3.386128
1.873849
-1.644117
-2.538496
4.308290
-2.580056
2.087807
1.464818
-0.178789
-4.154647
-6.172194
4.576971
5.316234
-1.602937
4.381196
2.093282
0.934020
5.038103
-3.260698
-4.734434
-3.763642
-0.952736
0.174989
4.813509
-1.439052
5.310763
1.619170
0.431078
-1.872022
4.338818
-0.244520
-0.782425
-2.963656
-3.425966
1.854547
2.373632
-1.072678
4.312465
-0.317047
-0.838653
-0.373866
-0.160034
-2.627808
2.489984
1.625252
-4.684507
1.691262
-0.420215
-1.786248
-4.765431
0.390062
-0.337152
-2.275168
3.421874
3.992712
-0.770602
1.762737
-1.139572
3.742543
-1.424763
-1.882241
2.475277
2.429169
0.550018
0.093847
2.525868
-0.717221
1.220691
3.792119
0.298685
-1.480580
0.476298
-0.552462
2.789994
1.716891
-1.279310
1.311539
0.378998
3.007484
1.518111
5.191014
2.686407
1.188898
-4.701408
3.690294
-2.084352
-1.320223
3.843758
2.597097
-0.905555
1.947572
-6.354080
-1.572449
0.895792
3.804802
-5.198001
0.511969
1.465983
1.769348
0.138986
1.464576
0.536004
-0.697231
-0.486827
5.369293
-0.256802
0.307994
3.010303
7.123706
2.903652
1.139846
3.011421
1.841887
2.396515
-0.841826
1.998878
2.015957
-5.058890
-3.415328
3.455531
1.256882
-0.065091
-2.233485
4.579472
-1.102908
-1.301816
3.668971
-3.532334
5.482133
-3.669784
-0.588365
-0.175000
-3.273297
2.357069
2.845499
-7.375006
-3.215838
1.895300
2.883665
-1.363274
-0.495504
-0.537819
-0.055957
4.738350
-2.321797
-1.768092
3.593409
-1.662410
-7.563581
4.082095
-2.398457
2.669493
-2.152023
7.411642
-7.299243
0.703110
4.044592
4.571968
2.257295
1.508567
-3.278976
2.826053
0.208729
-1.437615
1.437363
1.991193
3.272457
5.295099
-4.455714
2.766812
0.983492
-1.461533
1.228589
0.307717
-1.339438
2.180484
4.179174
2.150567
-1.720561
-3.220646
3.442149
-4.487946
-0.223449
-0.691032
2.090805
-1.942339
-3.591979
1.700383
-7.595641
-1.161995
-2.123515
6.318514
-3.559889
-1.267757
-0.039977
-1.997809
2.066210
-0.288471
1.094880
-0.753898
6.868705
-2.834322
-0.913774
-3.930105
5.205876
-2.068172
0.980823
1.619607
0.461029
1.165154
-4.362581
-0.390876
3.066629
-1.805260
-0.870372
-4.595848
-0.584418
0.030298
4.546562
0.660752
2.717260
4.319273
-3.076616
-4.846181
-0.927009
2.842388
0.811691
1.494980
-4.647296
-5.085285
-2.398969
2.118070
4.054872
-1.259813
-1.177656
-1.164095
4.461034
0.205635
2.955667
-4.302734
4.335976
0.228637
1.773030
-0.480546
2.635845
4.305851
3.591650
0.201553
-3.753616
0.701952
0.995333
3.701120
4.059644
0.857877
-1.849411
2.692925
2.880253
4.352120
0.554402
3.971671
4.560555
1.869490
0.546685
0.213077
-0.435994
0.330800
1.088882
1.981918
-2.022474
0.319033
1.929598
0.066157
-3.664504
0.237813
3.871847
2.749335
3.434172
1.884961
-5.381323
2.258544
-3.454130
-1.439045
1.239336
-1.450205
2.990343
-3.415253
-0.534666
-1.896558
0.526414
-3.254026
1.337613
-2.120010
3.339915
1.647396
-3.489057
-3.464013
1.268497
-1.927795
-2.711586
-1.160194
1.200533
1.027521
1.473419
-1.468180
-2.036577
-2.747886
-0.931799
-2.976099
2.959653
-1.431579
2.970458
3.472089
0.705727
2.008148
2.662904
