0.00015984973
0.00018348005
0.00034615112
0.0003657643
0.003508508
0.00043778258
0.0026067544
5.115674e-05
3.9807546e-05
4.463494e-05
0.00025549275
0.00023061635
9.616734e-05
0.00026770073
0.00020333334
0.00030862336
0.00016851694
9.862991e-05
0.00036130485
0.00013397634
0.00094145467
0.00082964153
0.00013506656
0.00066352973
0.0003608078
0.00015704818
0.0007826612
0.00030135398
0.001658526
0.00015882221
0.00013644101
0.00069632346
0.00058526197
0.00028479437
0.0017710922
5.043337e-05
0.00012715741
6.422162e-05
0.00068424083
0.00015553576
0.00032786716
0.0006243416
6.598014e-05
0.00010327011
0.000311809
0.00015374622
0.00030852522
0.00016087118
0.00011334216
0.00078645535
0.00051463215
7.993497e-05
0.001269275
0.0010275746
0.0060005286
0.0007642899
0.00020466394
5.755131e-05
0.0018754599
0.0022903695
0.002498226
0.0007483773
0.00057947816
9.5329415e-05
0.0005167316
0.0015187655
0.0010409554
0.00021924668
0.0005134321
0.00014700483
0.00028349733
0.0006111262
7.376592e-05
0.0027283635
0.00010215252
0.00080624816
0.00027502907
0.003957753
0.0025618195
0.00058318797
0.00014349261
0.00012546415
0.00013631432
7.0446017e-06
6.0233586e-05
5.999286e-05
0.0001053796
0.00012097668
7.853566e-05
0.00013910778
3.8181694e-05
8.012444e-05
0.0006508467
0.00015873696
0.00015206868
8.0422775e-05
0.00032833448
5.306291e-05
9.256044e-05
0.00014596045
0.00037309455
0.00019504824
5.4133074e-05
0.00078222464
9.719886e-05
0.00012608596
0.0003335419
0.018448588
0.0002676895
0.0004459035
0.0052781818
0.041013584
0.0015513601
0.00044462964
0.0011767881
0.000431878
0.00027778698
0.001200116
0.00012744508
0.00036424646
0.00042597722
0.00017788398
0.00018117476
8.8825655e-05
0.00038660882
0.000801617
0.00026614807
0.00048524528
0.000576068
0.00020439165
0.00011769991
0.00032430954
0.00071542663
0.000865613
0.00033063785
0.00020418894
0.00025156434
0.00053032587
0.00013402382
0.00012177485
6.802181e-05
0.00015379432
8.368808e-05
0.00080737774
0.00020126163
0.0001185653
0.00026562368
0.00082512264
0.00011076719
0.0002651398
9.702596e-05
0.00060484564
2.7444217e-05
0.00065411784
5.9139245e-05
0.00028343813
2.1167987e-05
1.6141146e-05
6.966798e-05
0.00012272672
6.276271e-05
0.000112121415
0.00031628058
0.00038379838
0.0004558614
0.00029098656
0.0001338805
1.8742925e-05
0.0019078227
4.1434552e-05
0.00013210771
0.00011605379
0.00055096013
8.204417e-05
0.00046237587
3.0540123e-05
7.432732e-05
0.00012499926
0.0010621691
4.89902e-05
0.00013609247
9.282307e-05
5.491862e-05
5.639921e-05
0.0013926356
0.00023997466
4.3151278e-05
0.00027169494
5.447191e-05
0.00013043352
0.00011977908
0.00018125858
0.00015851708
2.5764019e-05
3.154484e-05
0.00011195077
0.0002570975
4.494792e-05
5.7877645e-05
0.0005012704
7.290854e-05
0.00010964869
0.00017424929
0.00087531644
0.0035176747
0.00021197522
0.0001029409
0.00016235981
0.00022386461
0.00021356605
4.260152e-05
0.00017531564
0.0001890257
0.0005609807
0.0001321745
7.125541e-05
0.00012136894
0.00036000524
4.981971e-05
0.000290522
0.00033866873
0.00034306466
7.713163e-05
0.0010190781
0.00023991504
8.824012e-05
0.00015296969
0.00015289828
3.4305776e-05
0.000119864155
9.588002e-05
8.424212e-05
7.2365445e-05
0.0004337567
6.8964204e-05
5.452485e-05
0.00013008823
0.0001213907
0.000109989865
0.00013436264
6.211918e-05
0.000109695124
0.0003712034
3.0742925e-05
6.698198e-05
0.00025295786
6.434714e-05
2.448374e-05
0.00011521459
0.00012913189
0.00044676635
0.0002527377
0.00035348008
4.553489e-05
0.000170838
1.0958183e-05
0.00027025034
0.0002747858
0.00032911115
6.493203e-05
0.000116267714
7.359556e-05
7.2608156e-05
9.735629e-05
0.00030759233
0.0001889255
0.00026456403
4.9293987e-05
5.319366e-05
0.00042511013
0.0012093479
0.0002816272
0.00045270743
0.0003171447
0.00025548908
0.00030311
0.0015899177
0.00034139442
0.00016395476
0.0004513529
0.0012330246
0.00018538465
0.00011480263
0.0002055927
0.00076557713
0.0012490337
0.00011478286
0.0004541751
0.00033021386
0.00032881185
0.000113948015
0.000304134
7.307331e-05
9.590911e-05
0.00040847273
0.00031270654
0.00018357247
0.00018957072
0.00045236328
0.00027234398
0.00048351433
0.00052324013
0.000102461956
0.00021495235
0.000269541
0.0002290114
0.0001465374
0.0013376921
0.0004938678
0.00019705076
0.004861629
0.0004609054
0.00046579278
0.0005302161
0.0004073279
0.00039002323
0.0003420852
0.00083063234
0.00086196046
0.00022900298
0.00032836624
2.3092094e-05
3.383951e-05
6.104496e-05
0.0005053622
6.696895e-05
0.00020942945
0.0010006757
0.0026037847
0.00028899813
0.00012556122
0.000108994594
0.00010439778
0.00011317247
0.00030470116
0.00022074385
7.743984e-05
0.00019569581
3.5924404e-05
8.667753e-05
7.70414e-05
0.000100696765
6.638079e-05
0.00012493967
7.268943e-05
0.0007127693
9.414151e-05
0.0001318549
8.953539e-05
0.00018083435
0.000104810824
4.058066e-05
2.9708848e-05
0.000102854836
0.00019415826
2.326279e-05
0.00063499634
0.00051539537
9.655631e-05
8.272962e-05
0.00034213348
0.00049400935
0.00036441273
0.00066740165
0.0007574033
0.0003543517
0.00014760777
0.0003575375
0.00019648526
0.00072337093
0.0001394901
8.409222e-05
0.00010468625
0.00024189752
0.00024030353
0.00014535458
0.0004836892
0.00015158008
3.4183246e-05
9.8224504e-05
0.00066526455
0.00021140308
7.7877616e-05
0.00021350762
0.00022212176
0.00014629247
8.593163e-05
6.121925e-05
8.2744125e-05
0.00013313883
0.00048724088
0.00021071783
0.00015091327
0.00021523402
0.00022294358
0.0003836741
0.00018984328
0.00038674308
0.0008277511
0.0065454445
0.001382485
0.0019599039
0.0018894678
9.708432e-05
0.00022646318
0.00052010035
0.00013954075
0.00026999981
6.362647e-05
0.007301076
0.00015398444
8.47522e-05
0.00027036804
0.00042830952
0.0003787647
0.00015904018
0.00079646875
0.0011388331
0.002547496
0.0076308358
0.0007808503
0.00055089913
0.00016748825
0.00037996095
0.00062793813
0.00034923267
8.0477555e-05
0.0006071906
4.4935452e-05
0.00030166007
0.00060877006
0.00038692032
0.001291141
6.909447e-05
0.00020131413
0.00033246892
3.6113568e-05
0.0025008146
0.0012349413
0.0001419622
0.00047497498
0.0012819103
0.0021648728
0.0003721557
0.00030626837
0.000632486
0.0028173653
0.00041217104
0.00040902686
0.00014536985
6.386901e-05
0.00030528754
7.006676e-05
0.00092084246
0.0004953565
0.0014002051
0.0004017616
0.002590105
0.00012264757
0.0009870154
0.00043105753
0.00024303043
0.00023900319
0.00063972466
0.008392867
0.0004231549
0.00010751519
3.6174944e-05
0.00042053472
0.00045806196
0.0049057715
0.00015730427
0.00017953092
0.0001483991
0.00032016798
0.00046200686
0.00012609865
0.00010243914
0.0010167733
0.0024755723
0.0011542261
0.001349708
0.00024546668
0.0006209765
0.0005719874
0.00053547736
0.00023409663
0.0026271844
0.00043949127
0.00019229151
0.00045691882
0.0002448122
0.00030008794
0.00059721235
0.003210575
0.00069996004
0.000119875986
0.0010780314
0.0014037878
0.0010330462
0.0023128076
0.0056768805
0.00030487642
8.198644e-05
0.0011588841
0.00011424316
0.0028337408
0.0006581715
0.0018837112
0.0001400527
0.0021109337
6.863823e-05
0.00013888952
0.0006082892
0.000116104165
0.00056985585
0.00026888412
0.0039299354
0.00012314916
0.0011512887
0.00010995598
0.00014036712
0.00019308728
0.0009423458
0.00016358048
5.6120993e-05
0.00022254763
0.0009512808
6.4951506e-05
0.00065476255
0.043424718
0.0023200635
0.0005085077
0.0006882779
0.007167829
0.00013263938
9.9602235e-05
3.9808972e-05
0.0012279217
0.0014594914
0.0007256393
0.00038573454
0.002362368
6.394087e-05
0.00018566172
0.001360695
0.0002993696
2.4550962e-05
0.00041993018
0.0012592342
0.00019910134
0.00015103292
0.00091598235
0.0009451565
0.0002752264
0.00011087446
0.0010436925
0.0025470406
0.00040915815
0.0023912068
0.00023612085
0.00018045492
0.0010397303
0.0004801915
7.3670664e-05
8.6040985e-05
0.00026107635
0.00021804919
0.00043855002
0.00012128206
0.00056504575
5.501964e-05
0.00034737968
7.064011e-05
0.0011170711
8.179378e-05
9.005523e-05
0.000777941
0.00015614556
0.0014905022
0.0006385906
0.00021136014
0.00013747947
0.0009766197
0.0025563508
0.0003099266
5.248464e-05
0.0011932042
0.0002166959
0.0001833376
0.00017839986
0.00026276603
0.0007064675
0.004733342
0.00023473815
5.7982725e-05
0.0005923196
0.0007384049
0.002057359
0.005475274
0.0009163287
0.00045084205
0.0010218058
3.489036e-05
0.0013062275
0.0017918473
0.00395352
0.0012947972
0.0015128991
0.00020293776
0.002673746
0.0013943269
6.1152e-05
0.0005780387
0.00012976064
0.00022049756
0.0034062811
0.0006352171
0.00036546378
0.007499323
0.0010283329
5.9813225e-05
0.0024123366
0.0005684988
0.00010713551
5.583424e-05
0.006555545
3.3506407e-05
0.00044417172
0.0052086953
0.00077527703
0.0011197801
0.002199618
0.00037637702
6.704084e-05
0.00022641243
0.0004564082
0.0002198413
0.00014267993
6.982332e-05
9.6306205e-05
0.0012148416
0.0008156275
0.002419909
0.052454844
0.00021540206
0.0016018945
3.986231e-05
0.00035460343
0.00063861255
0.002947123
0.0016578286
0.00027506726
0.00024043476
0.0002443415
0.00050372304
0.00011073788
0.0006711917
0.0004455176
0.00018754431
0.00070453016
0.00010402271
0.0011376269
0.0003837182
0.008710036
7.01309e-05
0.00025279628
0.0011038377
0.0004843504
0.0004803367
6.7090725e-05
0.00018513844
0.0008824686
0.0033652314
0.0011576581
2.1063574e-05
1.80417e-05
0.0074549117
0.000557084
0.00014835999
0.0005219364
0.0040007117
0.0010013359
0.0010431234
0.00080103887
0.00050399255
0.00053307594
0.00045132174
0.0018035248
0.00020291995
4.488234e-05
0.000129072
0.003986867
0.0002796819
0.000582574
0.0010846752
0.001957436
0.000287407
0.00063816446
0.0021866807
0.0025339404
0.0009278475
0.0002705611
0.00068683445
0.00013983401
3.7730315e-05
2.4263767e-05
0.00022835615
0.0002046861
0.00039237883
0.0035419802
0.0029256039
0.0010328616
0.0006885051
0.002588077
2.4032677e-05
0.0023835278
5.822687e-05
0.0008066508
0.00038622538
0.0013178269
0.00056174805
0.0024001326
0.0002672839
0.001165617
0.00013106508
5.4328957e-05
0.0007997569
0.0005677205
0.00017745708
8.6927816e-05
0.0010887475
0.0003317185
0.0010223439
0.00020903374
0.00032983883
0.0014293909
0.0010504501
0.0010084654
9.8353106e-05
0.0004011366
0.0015826861
0.0005158079
0.0017241996
0.00015709641
0.004707949
0.0013861122
0.00031108918
0.0007899436
0.0017879842
0.0011726862
5.8614984e-05
0.0006486145
0.0024193607
0.00013939716
0.0012069689
0.000106225765
2.5468627e-05
0.00026052742
0.00015284865
0.0042831344
0.00046108649
0.00015572758
0.001191086
0.0005802153
0.00021914697
7.936943e-05
0.0032659748
0.00015919974
0.0035638178
0.00041737594
0.00081578735
0.0013148111
0.0007143041
0.00038069906
0.00026184547
0.0015843208
8.7976994e-05
0.00038432432
6.280738e-05
0.00031328519
0.00015904495
0.0029354054
0.0009779786
0.0014560764
0.00025287547
0.0006298019
0.0002713702
5.5610886e-05
0.0070457617
4.815379e-05
0.0004059003
0.000105497056
0.00027421286
0.0028658675
0.0015278242
0.0011065712
0.00041906725
0.00019741133
0.0024849214
7.680632e-05
6.375242e-05
8.0244565e-05
8.010561e-05
0.0003476269
0.00057142065
0.00018021639
0.00015802954
0.0012424997
0.00059102516
0.00017673473
0.0054156776
0.0014907178
0.0004188792
0.00013101821
0.0006723603
3.19196e-05
3.2410884e-05
0.044757277
0.0016850353
4.753309e-05
0.0002382322
0.0004718242
0.0003594075
0.0012917015
6.32337e-05
0.0011026915
0.0018768437
0.002804211
0.00044617068
0.000111940746
0.00025863477
7.093394e-05
8.149884e-05
0.0037735337
1.2760385e-05
0.00072093465
0.0027657878
0.00036029515
0.00039413778
9.880959e-05
0.00017932746
0.0013017275
0.00010653428
0.001489069
0.005126998
0.0013470129
0.00020080226
0.0006052328
0.0010894273
0.0004768428
0.011307686
0.004206057
0.00014459845
0.027221626
0.00079779647
3.1583822e-05
4.892694e-05
0.0002850014
0.00072586286
0.0007519852
0.00042526852
0.0034903947
0.000836312
0.00015208346
0.0009349437
0.00017740473
0.00020092621
0.00027680263
0.00088108954
7.664932e-05
0.000110615336
0.0010189988
0.00049157895
2.3046478e-05
0.00051653007
0.00014397979
0.00015802699
0.00022225759
0.0027842014
0.00054981274
0.0018281782
0.0002224828
0.0008421076
0.0015199301
0.0113768885
0.00017850332
5.8168902e-05
0.00087820867
0.0007832208
7.284568e-05
4.723615e-05
0.011494127
0.004013693
0.00065490964
0.00030277992
0.0011785326
0.0003939191
0.0010213477
0.00020456668
0.0006128216
7.6106735e-05
0.0002715066
0.0012956117
0.0080809025
0.007895343
0.0014215548
0.0049704206
0.0048379367
0.0004580495
0.00044023962
0.0019519033
9.911202e-05
0.0026925793
9.4131094e-05
0.000105307525
0.0004971693
0.00013817934
0.00047798493
0.0016728122
0.0033492327
0.00042373943
0.0005118141
0.0002259449
0.00010056941
0.00010212861
4.3006356e-05
0.00016484536
0.00024027086
0.0015688972
0.00037467715
0.00014386154
0.0004615368
9.6144555e-05
0.000118995864
7.65442e-05
0.00024246315
0.0008584825
0.0005512894
3.675308e-05
0.00027642786
0.000111434805
8.721006e-05
0.00012827468
8.1890954e-05
0.00022982126
0.00017440681
0.0002936357
0.0019671512
0.0009344578
0.0010726193
0.0013141071
0.00040474316
0.00018653803
0.00083004124
0.00014677242
0.00017613548
0.0003608252
0.0006445653
8.838422e-05
4.521963e-05
0.00023466886
0.00011550288
0.00058600534
8.451705e-05
9.814332e-05
0.0029651222
0.0006027991
0.0010829243
0.0003044508
0.00093469495
0.010796096
0.0018649839
0.0016832522
0.0010207072
0.0021383038
0.0014371889
0.0023604848
0.00472668
0.00020993694
0.0025925972
0.00023435474
0.0002456504
0.001982681
0.00037612458
0.00071872934
9.7532495e-05
0.00042430696
0.00035114633
0.0001739997
0.0012243652
0.00038434705
5.2492047e-05
5.313953e-05
2.6295991e-05
9.999383e-05
5.079638e-05
9.056121e-05
0.00097249524
0.0015817619
