-0.67262024
5.8865247
-0.96550107
-1.0270225
0.12003397
2.3022342
-0.071966976
0.2758218
1.7765404
-4.5439596
-1.5613099
-3.8302674
0.04271269
-2.4584308
0.32334858
-0.4184912
0.676857
-1.5036452
-0.7012032
-4.86803
-0.006664157
1.8559245
1.8354613
0.88906515
1.8854873
-1.7691534
-0.9510403
0.16215204
-1.0650334
1.751842
-0.8148718
-1.5544579
-1.0289339
1.6783924
1.3542604
-1.734081
-1.447178
-1.6067059
0.13662416
-2.3533404
-0.7910603
-1.9108351
-1.0476642
0.5039932
-1.4169132
-2.9785998
-1.265387
-2.9585872
-3.4049757
-0.9150775
1.2642593
0.8766991
-1.5628561
-1.4723425
-1.2687544
-1.7499274
-2.1572242
-2.8437116
0.9228395
-1.0259937
-1.2990065
-4.286258
-5.6023016
-1.0553297
0.09127122
-2.7711678
0.050719224
-2.130132
-2.023149
-2.309156
0.18336642
0.28508228
-1.354352
0.97222763
-0.989807
1.8731079
-0.31706443
1.1605797
2.0297146
-0.8222364
1.4137772
0.38189423
1.6451174
0.14875293
-1.2415816
-1.6012207
0.03535551
-1.3738087
1.1311128
0.26152667
-0.7128587
-0.60925716
-1.2262236
-1.5715888
1.2649391
-3.02847
-1.7114404
-2.7978172
-0.65222204
0.8607687
1.6247553
-3.5349362
-1.8322378
-0.23442525
-1.0150356
-3.098025
-2.0880985
4.3301926
1.4317195
-0.96421254
0.5954959
3.5964446
1.57439
1.7569484
1.4966847
2.1191897
1.6440483
0.45989227
-0.93105835
0.21781954
-0.08505279
-2.643655
-2.241682
-2.674512
0.11522162
0.24619913
-0.62842506
-2.3217528
-3.1886196
2.3230724
-0.8034823
-2.201562
-0.052307963
0.34633482
-0.29552484
-0.15826994
-0.29859465
-0.89029014
-2.247284
-3.167815
-1.7048179
-0.87965584
-1.41208
-0.7613862
-2.6534624
-1.6521277
-2.8976038
1.6991934
0.0751071
0.536304
0.28615
-1.0275632
-0.47271305
-0.40688944
-1.7643137
-1.4920782
-1.8634028
0.5496987
-0.69743127
-3.5711741
-1.28386
-2.1918728
-1.8765388
-2.74619
-2.7477756
-0.6702939
-2.7411523
-2.415269
-1.2343758
-1.2672288
-1.8072168
-4.314942
-2.0022547
-0.23560157
-2.8987238
-0.58476293
-2.2546062
-2.747821
-1.7180836
-3.6491735
-1.906311
-1.7144507
-2.2655892
0.76247007
-0.95045996
-1.5858358
-0.30553824
-0.26620135
-0.99538726
-1.0814289
0.111864686
1.3425848
-1.5578156
0.60054016
-3.439034
-2.0890465
-0.6170884
-0.10554057
-1.302999
2.818825
-1.4897681
-0.81659245
-0.9330318
1.5838037
-2.032794
-0.89936185
-1.0673106
-1.1745683
-0.23787525
0.7438381
-2.5752678
-0.092146695
-1.6891301
-0.9319119
-0.30158505
-1.7417
-2.0764494
-1.6028199
-2.9731917
-3.9633985
-1.198522
0.015327096
-0.55940616
1.6595693
-0.71429825
-1.3496735
-0.589469
0.82816994
-1.3827603
0.30381504
-2.2435436
-2.3156998
-1.0565553
0.5796161
1.1703389
1.1190984
-0.111669615
-1.5725234
-2.5136886
-1.3813434
-1.9908224
-2.8523684
-4.173969
-2.8153315
-1.4637365
-0.5511812
-3.5025804
-2.21429
0.9848083
0.7021661
2.486406
-1.7408801
0.32363415
-1.0122977
-2.28243
-3.200428
-0.36027873
-0.85317504
0.5761624
0.0049830377
-1.77649
-1.5530404
-0.34460497
1.0215112
-0.6554402
-1.025052
-2.3083963
-2.3366528
-1.6717079
-0.39933425
0.8784996
-0.45008788
1.8108777
-0.65111065
-0.758519
-2.4000154
-1.3390162
1.5031811
0.6369536
1.1041743
0.1521813
5.3507133
1.993819
1.3372369
1.883307
2.471745
-1.5572413
0.6008403
-0.28140682
-1.3522336
-1.8652812
-2.1256688
-2.1302018
-1.6858964
-1.3347057
0.19094554
-0.3241933
-3.5263207
-0.467745
0.70664036
-2.573257
0.6237878
-2.0926564
-3.823167
-0.6730866
-2.7286956
1.4450647
-1.0199982
-0.74627537
-0.9152919
3.9160342
-1.799481
-2.3780074
-1.2243032
0.8249339
-1.0779241
-0.17448735
0.33721858
1.4571466
-0.8629375
-1.1000826
-0.8934041
2.2276592
0.70537055
2.71873
3.3197467
1.6594862
3.8909817
2.6049576
-0.45290366
2.326269
2.4824646
0.39528358
1.1145291
-3.9753585
-0.10414508
-2.0398645
-1.0616273
-1.7350525
-0.55119586
-2.6079226
0.28319114
-1.9660244
-4.2718797
-0.9290453
-3.9667966
-1.8063347
-2.6455688
-2.209517
-1.8363192
-0.98585975
-1.3726737
-3.5237546
-2.702599
-1.52825
-1.5144324
0.6967271
0.88534176
0.52082205
-0.36549693
-1.338375
0.063427195
-2.6394773
-1.0154773
0.40241763
0.86694664
-0.85947955
-1.369097
0.61953616
-1.7044823
-2.9266052
-3.1627035
-2.185298
0.4771927
-1.3426232
-3.8240516
-0.5829548
-1.2646644
-0.65802705
-2.176012
-2.4756312
-1.3527849
0.22212939
-1.5640936
-1.60193
-2.5371203
-2.26378
-2.215333
-4.052656
0.0036696196
-2.336565
-0.46957177
1.213538
2.5659187
-0.32056206
-0.58113587
-1.1334425
-0.42129052
1.6648687
2.7660437
0.882503
-2.575384
-1.7447835
0.38375068
1.6662672
2.5712936
-1.9506553
-1.79747
-0.618299
5.409125
-1.6319758
0.5193025
0.8633655
-2.2830796
1.9720421
-0.27975225
-0.7999334
5.037661
3.772396
6.5189414
-2.6241386
-1.6777012
-0.8117769
-1.6119356
-3.1777356
-2.3507369
0.5957803
-0.8486278
-0.31242406
1.0324502
-0.22834675
2.2401662
-2.3749537
2.217345
1.1785525
3.9288352
-1.0285378
-1.5951096
2.7470143
-2.197099
-0.4054916
0.023426056
1.2293372
3.8117445
-0.8071132
3.6091979
1.427651
1.9185047
-0.98189485
-2.8376136
-1.5208614
1.940438
0.8990313
-0.049522102
-0.99620557
1.6749228
-1.4051006
2.5310495
-1.4824848
4.0099306
-0.9590957
0.3377841
-1.4759123
2.3169954
1.3521541
0.5182024
0.12996757
-2.2956984
-1.3484523
0.4447695
2.914537
-0.8082955
-1.4165087
2.9259682
2.4196324
-0.0865815
-1.6933038
-0.27256832
3.8002658
-0.45602855
0.6175938
2.533822
0.5833521
-1.3405857
-1.1694669
0.5759444
-2.7514222
2.5243964
2.3552315
0.7450045
-0.06267941
-1.8484672
0.7421881
0.13972345
1.1517644
0.9964709
0.1043444
-1.2247765
-1.216371
0.95086145
-0.51895535
1.8893518
1.1769975
2.1079621
0.9865603
0.26843596
-0.0960443
2.3574302
3.5370836
0.2994792
-0.7983923
-1.0984704
0.078215174
0.10030997
1.4799414
2.3942716
1.1438793
-1.41096
-1.3794067
-0.0108526945
0.3127889
-1.6105547
1.2989832
-0.45538902
-0.97128975
-5.259718
-1.4374882
2.0730343
1.8774438
3.0358748
5.3169117
0.52951664
-1.0195295
0.8612249
1.6976824
-2.6792598
-1.7018869
-0.4924354
-0.8319988
1.9648817
0.3350067
-0.7524061
-0.20448458
2.377316
-2.2946556
0.5550232
2.0671017
-4.135626
-2.6412058
2.899784
-1.3828266
1.7581694
5.338908
-0.91329604
0.26170677
-3.0068989
0.38884595
1.6387603
-2.3436785
1.2782423
-2.7422433
-2.0111465
2.2737393
-0.4386015
-3.942169
-2.14876
-0.15435973
1.0378296
1.5118352
-0.96014756
2.9283555
-2.7859657
2.298188
-1.8519348
3.3639846
-1.5929825
-2.3412552
0.3809045
1.8364246
-3.7761867
-2.6053782
-2.8878248
-0.36653996
1.1944991
3.7251065
2.9818056
0.56230134
1.522485
2.9504151
0.9375899
1.0635855
3.4151926
1.2174463
1.8652172
-2.3292947
-1.415134
0.9241096
-0.710184
-1.4062115
1.4509565
1.9770257
-0.08790997
2.1305463
-1.5698018
1.6751684
1.3333795
4.075514
3.1864257
2.1113513
-1.6730113
3.305856
2.5325334
-3.3095274
1.2997235
-0.7877051
0.87330663
1.0465884
2.7532618
0.16807358
-0.66759837
1.5357015
-3.672448
0.6995648
1.3957632
-2.6683722
-1.0119541
1.867363
-1.231638
0.3303718
3.2147202
1.094293
3.1017084
-0.5243571
1.6199882
-3.6999695
3.0251887
3.1703475
0.2513051
4.560619
1.9054205
-1.1880345
3.8287086
-2.6944137
0.91534674
2.696188
-0.8412363
1.6319994
3.5112143
0.73580647
0.9432798
0.07120544
3.0530446
0.8442819
-0.04077685
-2.2837162
0.8732438
-2.6873615
0.1840443
4.544281
4.0864954
-1.3272766
-2.173295
3.6387098
-1.0619599
2.711668
-0.8158318
0.63225794
1.1617224
-2.452002
1.059161
-0.8018682
-2.045538
0.052493747
2.5230935
1.8220472
-4.519132
0.99918866
4.109655
-0.18842196
4.0058475
5.4415665
4.223909
-0.28498828
-0.17202324
0.6265265
-0.26011527
-1.3900971
-3.3406792
1.9748645
2.4575162
-4.4692826
1.2887874
1.5499728
-1.239228
-3.511904
2.137931
1.6763213
5.0007014
-1.2406672
-0.22862023
0.27311683
4.7136602
1.1337235
-1.6752125
0.38767377
-2.7426345
-3.2584743
-0.2882108
-1.4013057
3.153205
3.3765686
3.5701284
2.2380779
2.513282
4.8664417
-2.648165
0.28580183
-1.1418788
-1.0077701
6.0483966
5.1133723
2.3261192
3.1478267
2.9045048
0.91472375
1.6379987
-3.6289358
-1.875278
4.1765876
-0.920379
-0.82812846
0.010290027
0.5602586
-0.45785725
-1.8893831
2.2762876
1.3054383
0.66511667
1.9251428
-2.2124584
-1.140481
0.74302465
1.1181604
-2.0713015
0.8858699
1.3934121
0.39213562
2.967477
1.1147729
1.1664276
2.6334085
0.14508179
0.024021596
-3.437173
-0.33715096
-0.07135451
-2.1360877
-3.8324685
-3.3481064
-1.4377363
3.626481
4.329963
-2.6895425
-1.2453427
-2.9688177
0.3681357
0.7059276
3.831398
1.6488388
3.2959526
-0.10753977
2.7753518
5.411305
1.7368181
0.64574885
2.4564846
-1.0840824
-3.670232
2.3051336
-2.887196
-1.6973207
-0.6282671
1.1384621
4.5676565
2.9795687
-0.85789406
0.2801083
-0.6888433
-0.11353308
-1.7256632
0.1342485
-0.7905622
2.8799334
-0.03132674
2.0485692
-1.3426776
0.98868304
3.573746
-1.9898982
-2.9063826
-1.4030995
2.5461004
0.1974926
-0.5002446
1.6183236
0.88714504
3.3562787
-1.8137923
0.80308515
-1.7525506
-1.7522869
0.6904255
2.543778
2.0245693
0.07737708
1.1517506
-1.1955827
-0.95825016
4.08588
-0.8527443
-3.2510414
-1.202579
0.521536
0.96814847
2.7261624
-3.0768843
1.1820694
-0.1120922
3.3488703
-1.3709869
-0.027732283
0.09993699
-2.2652783
1.4239578
3.3205771
-0.5925757
3.3058236
1.3543763
2.835012
-3.6302967
1.3331914
3.6450074
2.1623821
0.58743715
4.4035845
3.946025
1.0059812
-2.6229239
-0.024202347
0.32632533
0.9944279
1.2011776
5.085992
-3.102284
-0.8250717
4.1193075
-2.9751706
-1.9298129
-1.0568408
3.8444242
-2.9682784
0.08816081
2.772185
-0.62820244
-1.5707475
-0.3300628
-2.619462
-1.8598192
-0.17831314
3.2074752
-1.4749496
0.27603126
1.1183711
-1.2194805
-4.4269705
-1.1822921
2.235542
-0.78134596
-1.1166064
3.2367983
0.889897
-3.0332925
-1.1763692
3.0271978
-2.3749921
2.2263405
-1.0811825
0.23180163
-2.14076
-3.3654456
0.7626934
-1.6885178
5.291745
1.3482361
3.229025
2.9235978
1.8361118
2.2415357
2.6105535
1.4876031
-0.6617284
-2.6092281
4.1308146
2.083835
2.22845
-0.9519509
2.1853871
1.3890018
1.153834
0.2107865
-0.23200804
3.3913045
-1.8424828
1.6578853
-0.71226734
-2.1683834
1.4833705
-1.1701605
-1.2946484
0.05620408
0.7667844
-0.7488056
-0.6416606
1.3672864
2.0958223
-1.7453835
-2.1263216
-2.2038357
-0.4426728
2.2471528
-0.37341648
0.12431714
1.5122919
-2.055958
-2.244698
0.11413553
0.20326126
1.3848928
-0.41369247
0.49376667
-0.17899393
-1.4616287
-2.5258214
3.406793
-0.84116244
1.2210882
0.5729409
-0.787985
3.2709687
3.228295
3.3815725
1.7821264
0.29582375
0.21115726
1.7458453
-1.3443186
-1.0775486
2.594409
0.7528081
-0.4841199
-0.3008271
-1.5151451
-0.71449745
-2.0231876
-1.0702939
-0.74852395
2.5602794
-1.7771807
3.3903873
2.336464
-1.3159262
4.6155148
-0.34852844
-0.88359565
0.038857676
1.7824398
-1.9384543
0.14174342
1.6177843
-0.72047937
1.1507664
-1.9264398
-0.7729384
1.4135723
0.90137184
2.9979565
1.6731184
3.034976
1.879888
2.5230165
0.54405415
2.114694
0.2053861
-1.796553
1.1814431
1.378217
-0.99937797
-4.4624233
1.7677417
0.4250043
