0.085745
-1.247801
-7.429555
-3.297973
-5.449193
1.191079
-3.856455
-2.640144
0.048627
-2.666655
3.168059
-2.396449
0.570103
-0.823258
-2.562142
-0.870081
-0.944359
-1.999309
-2.418479
-0.335960
-0.859490
-2.069310
-4.551807
-0.315540
-1.527663
-2.085630
-2.317680
1.459138
-2.245063
-0.823448
-2.955881
-0.379117
-0.746139
-2.136127
-1.603084
-3.578826
-0.299678
-2.556987
-0.921939
-0.452245
0.246461
-0.395450
-3.272538
3.736983
1.099382
-1.390277
-1.069146
2.714199
-2.174697
-4.552700
-9.223807
-1.725689
3.438509
-0.405456
1.625224
0.208281
1.301852
0.651706
-2.107948
4.039368
2.527624
2.003909
1.050549
4.039594
1.427267
-0.903261
4.307036
-0.226388
5.392668
1.452718
-2.155782
-0.019011
-6.100259
-1.722386
-5.307109
-2.181706
-1.889056
-0.170604
3.166423
0.408444
-0.012637
-3.533799
0.777574
-0.357142
-2.948646
-1.802475
-0.973623
-2.326576
-2.877657
-2.837606
-2.542614
-2.601351
-2.675684
-2.255546
0.169327
-2.502650
-3.187357
-1.823108
-1.151655
-2.448475
-5.902078
-1.325838
1.717982
2.205495
0.100288
-3.036109
-3.068115
-0.470102
-0.751950
-2.740906
1.041024
1.895665
2.627453
4.668503
2.566910
3.033826
0.475650
5.969483
3.373457
0.309436
0.824171
0.738476
2.978758
-0.528137
-0.402728
1.969720
3.062338
-5.986305
-5.587964
-4.917948
-3.889983
-5.351826
-4.406570
0.352672
-5.301016
-2.593514
-1.899455
-4.811107
-4.578165
-1.889755
1.217910
-0.580859
-0.610659
-5.749421
-3.239435
-2.833635
-3.705982
-2.652933
-3.661424
-0.459411
-1.751575
1.886739
-1.130599
-1.862860
0.154541
-1.403752
-2.456162
-0.657573
-0.405920
-1.121387
-0.912373
-2.588436
-2.098673
-1.334664
-1.493356
-3.151737
-3.706285
-1.096964
-2.344977
-1.928026
-3.175712
0.165568
-0.788273
0.810590
0.488322
-3.586711
-1.581892
-2.166146
-0.320370
-2.806034
0.012603
-2.420686
-0.332573
1.618317
-3.426403
-0.007739
0.805802
-1.662444
-0.481830
1.747043
0.351943
-1.783063
0.083094
0.112550
-2.381561
0.168249
-2.005831
-2.757150
-1.765475
0.452702
1.149370
0.116199
-1.848958
-4.269331
-2.354129
-1.408975
-0.317786
-1.616740
-0.930907
-0.599715
0.573357
-1.303858
-3.111354
-0.820188
-4.282751
-2.008371
-2.664605
-3.388867
-2.088242
-2.995825
1.825347
0.246774
-4.171195
2.208630
-0.445088
-1.169814
-1.561160
-1.624237
-3.277103
-4.746675
-2.882206
-2.617797
-1.491147
-1.672930
-2.215795
-2.487728
-1.269829
-0.559011
-3.182133
-2.853633
-0.260389
-1.625417
-2.591600
-2.371735
-2.670842
-1.873803
-4.134132
-4.854938
-2.911166
-2.662683
-3.217096
-4.950688
-0.275943
-0.239771
-0.206264
-2.995921
-0.779430
-2.874372
-2.379422
-0.307959
0.955958
-0.846159
0.648155
-0.610040
0.406116
-2.782262
-1.046336
-3.932724
-0.558045
-3.544884
-3.175968
0.332938
-1.102499
-1.331900
0.401288
-0.966186
-1.545461
0.451001
-0.105369
-0.549555
0.945835
2.329405
2.363702
1.163157
0.018346
-1.815660
-1.984963
-1.050263
-2.576664
-6.250740
0.491061
-3.343150
-0.653622
-2.898022
1.443658
-3.030838
-3.578190
0.896448
0.655066
-0.858133
-4.880518
-4.132136
-2.565531
-3.535556
-5.926121
-1.871086
-1.596195
-1.700964
-2.836004
0.604585
0.231385
-1.208575
-1.886938
-2.014110
2.305703
0.110097
-3.096728
-2.654606
-1.820480
-3.536613
-2.928093
-3.664943
-1.056916
-4.671644
-1.271639
-1.528322
-2.218797
-2.227002
-0.033887
0.461046
2.253183
-0.813592
-0.111530
2.243476
0.546571
-2.878193
-2.637117
-3.112443
0.542017
-3.016077
-2.461384
-1.455605
1.140844
-0.894277
-3.348309
0.443905
-1.518483
1.561671
-2.457752
-0.999730
-1.419474
-3.762363
-2.305770
0.098939
-1.348401
-1.097475
-0.828002
-0.129421
0.820103
1.277760
2.118771
1.864902
-1.379341
0.020468
-1.900284
-3.278534
-3.671964
-1.249086
-2.250938
1.188673
0.594188
-1.247292
-0.944110
0.273022
-0.939377
-0.822247
-1.620220
2.321333
0.657414
0.407381
2.857898
-1.650532
-1.513379
-4.938210
-2.140708
-0.540866
-3.349367
-0.503645
-3.734721
0.119435
0.611554
-2.583102
-0.161778
-2.197698
-1.211756
-1.707024
-1.712698
-1.102954
-2.115579
0.031694
-1.024373
0.162553
-0.799669
-4.702133
-2.540358
-3.100974
-0.761295
-0.851086
-3.216262
0.610054
-1.597337
-2.372672
0.767105
-0.537560
-3.450772
4.164247
-1.167165
-4.209770
3.706708
3.082597
0.851260
0.843015
-3.397944
1.182721
-3.004337
-1.583543
1.113990
0.613544
-0.445690
1.063601
-3.717813
-0.127325
-1.268216
-2.114594
-0.932878
-3.093577
1.706489
0.092010
3.799606
5.268562
1.842090
4.838872
0.082909
-1.710062
-3.253316
-2.305278
0.234102
1.902190
-2.315951
-2.672561
-1.099056
4.329961
1.128944
-1.137031
-1.290474
4.084695
-1.505226
-3.268287
-5.399420
-3.522727
-2.607696
0.941735
0.696331
5.005290
7.321646
-2.901466
-5.338249
0.375372
-1.122923
7.450699
10.438313
-2.269651
-1.894899
5.881184
-2.431631
-2.795230
-1.686812
0.285548
-2.062507
2.235848
-5.397383
1.281173
2.262456
-2.229067
-1.667960
4.462582
-3.239493
3.195759
4.115362
-2.369796
0.045316
-0.236980
-0.707021
1.116019
-1.867601
0.911049
-5.342918
-3.954411
-1.621616
4.547354
-2.090604
0.312375
-0.112279
4.760698
9.156680
7.732593
4.336143
3.832785
2.880799
0.190688
-2.998099
2.275787
3.530275
0.715820
2.997815
3.742109
2.580290
-3.780214
0.198478
-1.023067
-4.329291
4.351487
0.743445
-3.476048
1.839801
0.661612
2.458243
-0.943860
3.800939
-1.938806
1.106100
2.479901
6.041790
2.810603
-0.807740
2.052047
0.732125
-2.344370
-1.257947
0.728810
0.612484
0.636244
1.341087
-2.228967
3.346667
0.962966
-1.060522
-5.239433
-2.749396
0.229750
6.874061
7.104253
-0.409167
-0.871881
-0.376193
-2.914350
0.091252
-3.701757
0.490349
-0.589142
-2.852891
-2.691527
2.000772
3.430993
-1.662174
-2.603430
1.214420
5.236393
-1.299366
-4.543967
2.279845
-1.710620
7.262707
1.800788
-0.457696
-4.078621
-1.478140
0.248405
-4.402881
0.644466
-4.360599
1.341509
0.057127
3.280492
4.132077
5.708284
0.147605
-0.603096
3.421440
0.888062
-0.081063
2.999991
2.646477
3.510909
-0.585799
-3.159694
-0.411092
3.794260
-1.498543
3.917062
5.499720
-2.462285
-2.042880
-2.076302
3.923154
2.262096
5.525784
0.172471
-0.030507
-3.935338
-1.368305
0.668127
-3.158216
-0.718892
-3.385573
-0.471913
1.100116
-0.656525
6.714547
4.710994
2.063587
0.452014
3.243401
4.396560
-1.196688
-4.553420
7.264336
-3.002746
-0.553808
5.167443
0.264502
4.614102
2.783522
7.095365
-3.213796
6.612449
0.672337
-2.507435
-5.995900
-4.126412
-4.409828
0.196553
-2.274288
0.921349
1.872654
-2.349880
-0.525290
6.653662
-0.391671
-2.064602
0.089316
0.764561
-3.703740
6.548003
-1.370087
-1.512099
-2.219331
-3.657708
1.496248
7.192724
-1.456740
1.258835
1.139822
-1.934654
-0.962393
-2.173528
6.081988
0.055128
-2.733228
-4.041038
0.520065
-4.029775
-1.706500
2.220745
2.852102
-3.879422
-2.125364
3.009226
4.295241
3.508425
7.886139
0.211757
1.169626
0.219129
2.396691
-1.669043
5.632978
0.678238
-1.681056
1.382812
-2.175004
3.920686
3.992487
-0.544828
-2.418740
0.722136
1.188007
-3.105687
-0.304328
2.119563
1.329310
-3.955879
-2.031889
-2.336442
-1.773279
-0.616188
-0.080344
-2.107792
3.180041
0.891874
2.079906
2.128645
5.642322
-3.365508
4.144383
5.584519
-2.122759
1.510438
-1.095249
0.731767
4.182860
-3.058617
2.587428
0.116347
-2.401951
5.378509
4.334938
1.585570
-1.937263
5.148510
-4.654757
0.038671
0.106228
-4.861846
-4.174309
-3.928672
0.031100
1.281971
6.861768
10.050467
-1.711518
0.519096
-1.922948
-2.082179
0.916451
1.682300
4.883700
-5.903265
4.310053
6.694710
-1.511010
2.429974
-4.034451
0.691247
-0.483232
-1.748226
0.624397
-3.561726
5.416957
3.300256
0.526045
-1.704611
6.565072
3.445177
-0.318914
0.621699
-0.284771
1.512347
-3.042458
3.203354
-3.089809
-0.610000
2.818927
3.153908
2.378501
-3.700459
2.895896
2.714008
3.596016
-5.523541
-0.269976
-3.115946
-0.400710
2.597937
-1.908531
-2.074187
2.657397
0.965180
-1.209851
2.144069
0.884728
-1.253130
0.359386
-1.718432
-2.852907
-3.213208
0.494172
-2.928656
1.267288
1.099165
-2.546898
0.547919
-1.610858
-1.150065
1.226157
-6.670389
-3.564970
1.168062
5.288733
9.680656
4.060218
0.173623
-0.913177
4.704345
0.893659
-4.989088
1.076421
3.395405
4.133787
-2.374832
-3.989720
-4.769224
0.700270
5.202132
1.967601
-4.360189
3.229097
5.691179
11.015683
-6.025323
-0.602345
2.034863
0.284053
-2.227443
-1.284979
0.690655
-0.306151
0.015067
5.251917
-2.681288
3.196881
-1.690733
-1.852300
-4.206398
4.795520
0.417658
3.301574
-1.945348
1.770705
8.052631
-4.153035
0.907225
-2.508017
-2.290404
2.518836
5.526100
0.238655
0.232704
0.385304
2.566240
2.202571
4.402621
1.533143
-4.698848
-2.046383
-4.266822
-2.398493
-1.897950
9.935074
-1.916677
-1.752936
-2.690622
-1.070767
-1.841235
-6.626395
-0.852470
-2.367258
-5.443360
4.716231
-1.917708
-5.163966
-0.762709
-0.997587
8.486493
-1.841748
2.782191
-1.921195
-1.233105
-3.605099
-1.406971
-5.814812
6.278689
-2.757656
2.433441
-3.340646
-5.463059
3.759958
-2.547686
1.269447
7.633644
-3.776604
4.717692
4.767166
-0.451260
0.403852
-0.748429
-0.066731
1.478547
-4.874953
4.217215
5.519998
3.663168
-1.541113
-3.706927
-0.335097
-4.275346
-1.208481
-1.113263
4.410690
-0.155578
-2.410788
1.597484
3.157216
9.337741
3.074672
11.227376
7.609095
8.078003
5.447484
4.451018
7.472024
6.897394
4.092257
3.442082
1.948826
3.968993
3.886077
3.445023
4.153255
1.533075
2.395690
5.012589
4.501988
2.796846
6.092373
2.668904
1.422132
1.833331
5.700209
5.760424
3.109164
4.818258
5.251313
3.450562
4.149410
3.169771
1.142952
1.515303
-0.367232
5.707188
4.993898
2.111290
6.001049
2.240003
9.830509
2.639329
4.107673
11.734671
12.140947
11.053669
0.941196
1.142616
-2.105511
-1.373596
-1.429503
-2.976117
-1.339960
-2.070314
-0.840789
-1.201463
-1.445952
-2.581796
-2.079481
-1.389035
-2.809724
0.959088
-0.112057
6.869613
1.446061
-1.879352
6.257868
1.495348
0.494499
-0.354982
1.132648
5.355204
7.156949
0.905473
4.028389
1.393474
