0.000002
0.000000
0.000000
0.000000
0.000000
0.000005
0.000000
0.000000
0.000001
0.000000
0.000034
0.000000
0.000003
0.000001
0.000000
0.000001
0.000001
0.000000
0.000000
0.000001
0.000001
0.000000
0.000000
0.000001
0.000000
0.000000
0.000000
0.000006
0.000000
0.000001
0.000000
0.000001
0.000001
0.000000
0.000000
0.000000
0.000001
0.000000
0.000001
0.000001
0.000002
0.000001
0.000000
0.000060
0.000004
0.000000
0.000000
0.000021
0.000000
0.000000
0.000000
0.000000
0.000044
0.000001
0.000007
0.000002
0.000005
0.000003
0.000000
0.000081
0.000018
0.000011
0.000004
0.000081
0.000006
0.000001
0.000106
0.000001
0.000313
0.000006
0.000000
0.000001
0.000000
0.000000
0.000000
0.000000
0.000000
0.000001
0.000034
0.000002
0.000001
0.000000
0.000003
0.000001
0.000000
0.000000
0.000001
0.000000
0.000000
0.000000
0.000000
0.000000
0.000000
0.000000
0.000002
0.000000
0.000000
0.000000
0.000000
0.000000
0.000000
0.000000
0.000008
0.000013
0.000002
0.000000
0.000000
0.000001
0.000001
0.000000
0.000004
0.000009
0.000020
0.000152
0.000019
0.000030
0.000002
0.000557
0.000042
0.000002
0.000003
0.000003
0.000028
0.000001
0.000001
0.000010
0.000030
0.000000
0.000000
0.000000
0.000000
0.000000
0.000000
0.000002
0.000000
0.000000
0.000000
0.000000
0.000000
0.000000
0.000005
0.000001
0.000001
0.000000
0.000000
0.000000
0.000000
0.000000
0.000000
0.000001
0.000000
0.000009
0.000000
0.000000
0.000002
0.000000
0.000000
0.000001
0.000001
0.000000
0.000001
0.000000
0.000000
0.000000
0.000000
0.000000
0.000000
0.000000
0.000000
0.000000
0.000000
0.000002
0.000001
0.000003
0.000002
0.000000
0.000000
0.000000
0.000001
0.000000
0.000001
0.000000
0.000001
0.000007
0.000000
0.000001
0.000003
0.000000
0.000001
0.000008
0.000002
0.000000
0.000002
0.000002
0.000000
0.000002
0.000000
0.000000
0.000000
0.000002
0.000004
0.000002
0.000000
0.000000
0.000000
0.000000
0.000001
0.000000
0.000001
0.000001
0.000003
0.000000
0.000000
0.000001
0.000000
0.000000
0.000000
0.000000
0.000000
0.000000
0.000009
0.000002
0.000000
0.000013
0.000001
0.000000
0.000000
0.000000
0.000000
0.000000
0.000000
0.000000
0.000000
0.000000
0.000000
0.000000
0.000000
0.000001
0.000000
0.000000
0.000001
0.000000
0.000000
0.000000
0.000000
0.000000
0.000000
0.000000
0.000000
0.000000
0.000000
0.000000
0.000001
0.000001
0.000001
0.000000
0.000001
0.000000
0.000000
0.000001
0.000004
0.000001
0.000003
0.000001
0.000002
0.000000
0.000000
0.000000
0.000001
0.000000
0.000000
0.000002
0.000000
0.000000
0.000002
0.000001
0.000000
0.000002
0.000001
0.000001
0.000004
0.000015
0.000015
0.000005
0.000001
0.000000
0.000000
0.000000
0.000000
0.000000
0.000002
0.000000
0.000001
0.000000
0.000006
0.000000
0.000000
0.000003
0.000003
0.000001
0.000000
0.000000
0.000000
0.000000
0.000000
0.000000
0.000000
0.000000
0.000000
0.000003
0.000002
0.000000
0.000000
0.000000
0.000014
0.000002
0.000000
0.000000
0.000000
0.000000
0.000000
0.000000
0.000000
0.000000
0.000000
0.000000
0.000000
0.000000
0.000001
0.000002
0.000014
0.000001
0.000001
0.000013
0.000002
0.000000
0.000000
0.000000
0.000002
0.000000
0.000000
0.000000
0.000004
0.000001
0.000000
0.000002
0.000000
0.000007
0.000000
0.000001
0.000000
0.000000
0.000000
0.000002
0.000000
0.000000
0.000001
0.000001
0.000003
0.000005
0.000012
0.000009
0.000000
0.000001
0.000000
0.000000
0.000000
0.000000
0.000000
0.000005
0.000003
0.000000
0.000001
0.000002
0.000001
0.000001
0.000000
0.000014
0.000003
0.000002
0.000025
0.000000
0.000000
0.000000
0.000000
0.000001
0.000000
0.000001
0.000000
0.000002
0.000003
0.000000
0.000001
0.000000
0.000000
0.000000
0.000000
0.000000
0.000000
0.000001
0.000001
0.000002
0.000001
0.000000
0.000000
0.000000
0.000001
0.000001
0.000000
0.000003
0.000000
0.000000
0.000003
0.000001
0.000000
0.000092
0.000000
0.000000
0.000058
0.000031
0.000003
0.000003
0.000000
0.000005
0.000000
0.000000
0.000004
0.000003
0.000001
0.000004
0.000000
0.000001
0.000000
0.000000
0.000001
0.000000
0.000008
0.000002
0.000064
0.000276
0.000009
0.000180
0.000002
0.000000
0.000000
0.000000
0.000002
0.000010
0.000000
0.000000
0.000000
0.000108
0.000004
0.000000
0.000000
0.000085
0.000000
0.000000
0.000000
0.000000
0.000000
0.000004
0.000003
0.000212
0.002153
0.000000
0.000000
0.000002
0.000000
0.002449
0.048586
0.000000
0.000000
0.000510
0.000000
0.000000
0.000000
0.000002
0.000000
0.000013
0.000000
0.000005
0.000014
0.000000
0.000000
0.000123
0.000000
0.000035
0.000087
0.000000
0.000001
0.000001
0.000001
0.000004
0.000000
0.000004
0.000000
0.000000
0.000000
0.000134
0.000000
0.000002
0.000001
0.000166
0.013487
0.003247
0.000109
0.000066
0.000025
0.000002
0.000000
0.000014
0.000049
0.000003
0.000029
0.000060
0.000019
0.000000
0.000002
0.000001
0.000000
0.000110
0.000003
0.000000
0.000009
0.000003
0.000017
0.000001
0.000064
0.000000
0.000004
0.000017
0.000599
0.000024
0.000001
0.000011
0.000003
0.000000
0.000000
0.000003
0.000003
0.000003
0.000005
0.000000
0.000040
0.000004
0.000000
0.000000
0.000000
0.000002
0.001376
0.001732
0.000001
0.000001
0.000001
0.000000
0.000002
0.000000
0.000002
0.000001
0.000000
0.000000
0.000011
0.000044
0.000000
0.000000
0.000005
0.000268
0.000000
0.000000
0.000014
0.000000
0.002029
0.000009
0.000001
0.000000
0.000000
0.000002
0.000000
0.000003
0.000000
0.000005
0.000002
0.000038
0.000089
0.000429
0.000002
0.000001
0.000044
0.000003
0.000001
0.000029
0.000020
0.000048
0.000001
0.000000
0.000001
0.000063
0.000000
0.000072
0.000348
0.000000
0.000000
0.000000
0.000072
0.000014
0.000357
0.000002
0.000001
0.000000
0.000000
0.000003
0.000000
0.000001
0.000000
0.000001
0.000004
0.000001
0.001173
0.000158
0.000011
0.000002
0.000036
0.000116
0.000000
0.000000
0.002033
0.000000
0.000001
0.000250
0.000002
0.000144
0.000023
0.001717
0.000000
0.001059
0.000003
0.000000
0.000000
0.000000
0.000000
0.000002
0.000000
0.000004
0.000009
0.000000
0.000001
0.001104
0.000001
0.000000
0.000002
0.000003
0.000000
0.000993
0.000000
0.000000
0.000000
0.000000
0.000006
0.001892
0.000000
0.000005
0.000004
0.000000
0.000001
0.000000
0.000623
0.000002
0.000000
0.000000
0.000002
0.000000
0.000000
0.000013
0.000025
0.000000
0.000000
0.000029
0.000104
0.000048
0.003785
0.000002
0.000005
0.000002
0.000016
0.000000
0.000398
0.000003
0.000000
0.000006
0.000000
0.000072
0.000077
0.000001
0.000000
0.000003
0.000005
0.000000
0.000001
0.000012
0.000005
0.000000
0.000000
0.000000
0.000000
0.000001
0.000001
0.000000
0.000034
0.000003
0.000011
0.000012
0.000401
0.000000
0.000090
0.000379
0.000000
0.000006
0.000000
0.000003
0.000093
0.000000
0.000019
0.000002
0.000000
0.000308
0.000109
0.000007
0.000000
0.000245
0.000000
0.000001
0.000002
0.000000
0.000000
0.000000
0.000001
0.000005
0.001359
0.032967
0.000000
0.000002
0.000000
0.000000
0.000004
0.000008
0.000188
0.000000
0.000106
0.001150
0.000000
0.000016
0.000000
0.000003
0.000001
0.000000
0.000003
0.000000
0.000320
0.000039
0.000002
0.000000
0.001010
0.000045
0.000001
0.000003
0.000001
0.000006
0.000000
0.000035
0.000000
0.000001
0.000024
0.000033
0.000015
0.000000
0.000026
0.000021
0.000052
0.000000
0.000001
0.000000
0.000001
0.000019
0.000000
0.000000
0.000020
0.000004
0.000000
0.000012
0.000003
0.000000
0.000002
0.000000
0.000000
0.000000
0.000002
0.000000
0.000005
0.000004
0.000000
0.000002
0.000000
0.000000
0.000005
0.000000
0.000000
0.000005
0.000282
0.022776
0.000083
0.000002
0.000001
0.000157
0.000003
0.000000
0.000004
0.000042
0.000089
0.000000
0.000000
0.000000
0.000003
0.000259
0.000010
0.000000
0.000036
0.000422
0.086549
0.000000
0.000001
0.000011
0.000002
0.000000
0.000000
0.000003
0.000001
0.000001
0.000272
0.000000
0.000035
0.000000
0.000000
0.000000
0.000172
0.000002
0.000039
0.000000
0.000008
0.004471
0.000000
0.000004
0.000000
0.000000
0.000018
0.000357
0.000002
0.000002
0.000002
0.000019
0.000013
0.000116
0.000007
0.000000
0.000000
0.000000
0.000000
0.000000
0.029374
0.000000
0.000000
0.000000
0.000000
0.000000
0.000000
0.000001
0.000000
0.000000
0.000159
0.000000
0.000000
0.000001
0.000001
0.006900
0.000000
0.000023
0.000000
0.000000
0.000000
0.000000
0.000000
0.000759
0.000000
0.000016
0.000000
0.000000
0.000061
0.000000
0.000005
0.002941
0.000000
0.000159
0.000167
0.000001
0.000002
0.000001
0.000001
0.000006
0.000000
0.000097
0.000355
0.000055
0.000000
0.000000
0.000001
0.000000
0.000000
0.000000
0.000117
0.000001
0.000000
0.000007
0.000033
0.016164
0.000031
0.106955
0.002869
0.004586
0.000330
0.000122
0.002502
0.001408
0.000085
0.000044
0.000010
0.000075
0.000069
0.000045
0.000091
0.000007
0.000016
0.000214
0.000128
0.000023
0.000630
0.000021
0.000006
0.000009
0.000425
0.000452
0.000032
0.000176
0.000272
0.000045
0.000090
0.000034
0.000004
0.000006
0.000001
0.000428
0.000210
0.000012
0.000575
0.000013
0.026457
0.000020
0.000087
0.177630
0.266661
0.089900
0.000004
0.000004
0.000000
0.000000
0.000000
0.000000
0.000000
0.000000
0.000001
0.000000
0.000000
0.000000
0.000000
0.000000
0.000000
0.000004
0.000001
0.001370
0.000006
0.000000
0.000743
0.000006
0.000002
0.000001
0.000004
0.000301
0.001826
0.000004
0.000080
0.000006
