0.13084887
0.0
1.0048077
0.40033063
0.0
0.0
0.0
0.0860223
0.6668888
1.0158435
0.0
0.031071996
0.26174644
0.8614586
0.0
0.0
0.0217753
0.16222419
0.0
0.0
1.7472377
0.09884951
0.24745665
0.0
0.0
0.0
0.069245234
0.09269617
0.9205818
0.0
1.4276994
0.0
0.028005473
0.0
0.53691834
0.08832947
0.04621259
0.0
0.1614927
0.1957386
0.0
0.9413649
0.326014
0.003658243
0.0
0.0
0.38456982
0.18241228
0.17859744
0.0
1.580832
0.34966823
1.5171447
0.05459274
0.6746043
0.0
0.0
0.11538488
0.40196663
0.0
0.0
0.093099795
1.2182052
1.4652754
0.2773803
0.15607221
1.2697098
0.0
0.13394846
0.0
0.28177586
0.7849716
0.0
0.71901685
0.19303285
0.041572686
1.6386522
0.12671873
0.008996796
0.0
0.0
0.0
0.0
0.05852693
0.006920862
0.41790923
1.0681528
0.0
0.0
0.91411996
2.513427
0.0
0.007262767
0.22714798
0.0
0.114990786
0.43938828
0.025426755
0.200679
0.36511347
0.05482439
0.98271155
0.536421
0.83941036
0.025882218
0.8980922
1.2496479
1.6320653
0.0
0.016048254
0.13923241
0.0
0.0
0.50467724
0.14857064
1.7168782
0.0
0.0
0.0
0.0
0.07075895
0.28704056
0.0285702
0.0
0.0
0.008058088
0.005583483
0.3477908
0.0
0.0
0.1738708
0.0
0.028722204
0.0
0.55063915
0.13509896
0.0
1.4304895
0.05703115
0.17295028
0.0
0.20864008
0.0
0.0
0.0
0.061657123
0.027858377
0.8859544
0.7856221
0.13178368
0.0
0.0
0.0
0.0
0.39785483
0.025228368
0.092010655
0.033733632
0.27635208
0.0056505343
2.1020637
0.0
0.0
1.1972709
0.25453213
0.046280485
0.21365997
0.0
0.12487139
1.4942174
0.0
0.0
0.0
0.0794636
0.0
0.0
0.0
2.349181
0.32340902
0.0
0.38148338
0.27120656
0.0
0.0015003447
0.0
0.75715214
0.0
1.0147847
0.6866879
0.0
0.0
0.66628045
0.0018005059
0.0
0.0
0.0
0.0
0.0
0.0
0.5804421
0.00183886
0.34252563
0.6973589
0.31566978
0.8763721
0.37080616
0.31078628
0.1704961
0.0
0.0
0.055384878
0.0
1.3795795
0.078956164
0.0
0.0
0.0
0.06374552
0.9390329
0.053587098
0.0
0.0
3.7304168
0.0
0.24024953
1.9109553
0.75956935
1.163578
1.7508638
0.19950013
0.0109548
0.019472238
0.0
0.0
0.052756373
0.0
0.25826883
1.0183715
0.23656495
0.0
0.0
1.315687
0.0
0.0
0.0
0.057207312
0.8355601
0.0
1.3971778
1.4407604
0.0
0.024726795
0.0
1.9581019
0.0
0.027716905
0.041054424
0.0
0.0
0.81534755
0.0
1.3987224
0.0
0.7158074
0.035577998
0.0
0.0
0.0
0.025928197
0.3846635
0.0
0.008856196
0.0311003
0.0
0.28896013
0.0
0.009513492
0.0
0.035278093
0.32941967
0.0
0.0
0.0
0.38030827
0.0
0.015230972
0.24134725
0.0
0.23746294
0.0
0.14494783
0.34824485
0.1379003
0.0
0.0
0.05152176
1.1795452
0.23493175
0.05688503
0.0
0.49440533
0.0
0.0
0.10048224
0.70300627
1.1696646
1.1955323
0.0
0.0
0.32909358
0.0
1.1557074
0.4798236
0.10977203
0.44411623
0.12270199
0.0
0.0
0.0
0.0
0.13220716
0.31276274
0.35500702
0.0
0.37764207
0.0
1.9313068
0.0
0.0
1.0867051
1.2962368
0.0
0.33389616
0.074390955
0.38152272
0.0
2.5950212
0.29047033
0.042072136
0.0
0.019764606
0.5943947
0.8774191
0.0
0.0
0.0
1.1502507
0.010152164
0.9715967
0.0
0.0
0.0
0.03574268
0.0
0.04353291
0.058558613
0.5214785
0.7757716
0.68693286
0.0
0.23841566
0.00866872
0.0
1.6713576
1.5244709
0.6762792
0.91283274
2.0898237
0.0
0.0
1.0189781
0.12006311
0.8475624
0.0067607597
0.10808392
0.4162958
0.0
1.8635426
0.0
0.2142434
0.16245869
0.0
0.0133563
0.0
2.2031221
0.8462655
0.034915145
0.0
0.0
0.17962748
0.0
0.044524174
0.0028114063
0.19253233
0.550976
0.0
0.0
0.007815886
0.077826954
0.094202414
0.02411454
0.42427227
0.344923
0.21660513
0.0
0.2981293
0.07774998
0.26039556
0.0
0.0
0.5691118
0.0
0.780749
0.0
0.018691732
0.0
0.35982168
1.60422
0.43413046
0.13746116
0.056636013
0.6055861
0.0052952454
0.0
0.028463019
0.33121717
0.5299367
0.0
0.24159081
0.0
0.0
0.07945579
0.025346989
1.3500724
2.0732927
0.5345421
0.6433006
0.0
1.2086599
0.0
0.62701005
0.42838746
0.0
0.0
1.0788944
0.38362756
0.8068661
0.0
0.38187572
2.1577635
0.26580483
0.5477447
0.0
0.15924367
1.1680965
0.02848784
0.15968591
0.064827256
0.03399627
0.0718018
0.0
0.16506702
1.1318867
0.0
0.5704986
0.50217646
0.017891517
0.0
0.532922
0.1401084
0.0919713
1.2047756
0.19630376
1.0819421
0.0
1.677018
0.31919354
1.0145011
0.042675007
0.0
0.0
0.53765464
0.0
1.9851582
0.04532846
0.0
0.45853618
0.0
0.0
0.10454079
0.03500769
0.0
0.122314
0.8505033
0.632182
1.300393
0.1019124
0.12813605
1.2022591
0.11725447
1.3309072
0.0
0.0
1.6667908
0.93448466
0.33520243
0.0
0.0
0.0
0.46272415
0.0
0.0
0.0
0.031881284
0.0059355246
0.0
0.0
0.06670567
0.0
0.41414323
0.0
0.8173751
1.9348633
1.0157795
1.3712763
1.0817496
0.0
0.0
0.29746732
0.09695774
0.101004325
0.2858469
0.0
0.41329387
0.5795614
0.0
0.78974676
0.0
0.0
0.52423716
0.15002063
0.0
0.022525305
0.026615506
0.08310614
1.0612146
0.0
1.2974572
0.104437776
0.0
0.0
0.0
0.019086096
0.0
0.052635703
0.0
0.5036057
0.006485889
0.0
2.052901
0.19408831
0.0308455
0.5905784
0.0
0.0
1.3592234
0.054458033
0.0
0.10932062
0.11918066
0.03028503
1.6238006
0.42107025
1.2696204
0.0
0.20443013
0.11197679
0.0
0.12056053
0.0
1.0182748
0.23765577
0.0
0.51422036
0.1309979
0.0
0.0
0.0
0.12984803
0.94256365
0.3725614
0.07712735
0.41226557
0.47872052
0.0
0.013133475
2.1902037
0.043278504
0.0
0.71158344
0.0
0.0
1.0149183
0.0
0.0
0.058388423
0.0
0.08639939
0.0
0.0
0.102659754
0.0
0.0
0.03478028
0.7531636
0.0
4.988075
0.21573262
1.0814879
0.1591985
0.119758196
0.0
0.19952855
0.26423568
0.08322229
0.0
0.0
1.5875055
0.3539968
0.008455388
0.0
0.6411384
0.035161432
1.8281496
0.0
0.0
0.9039495
0.0
0.0
0.02640756
1.4743667
0.0
0.045771644
0.20034404
0.0
0.44676104
0.0
0.0
0.013550132
0.57556784
0.0004896968
0.0
0.0
0.91463375
0.26607782
0.0
0.5515948
2.6370487
0.48767775
0.037365627
0.0
0.1429905
0.20665371
0.033321146
0.019149153
0.0
0.0
0.0
0.1593408
0.020277537
0.69857913
0.0
1.8552644
0.2750336
1.6062348
0.0
0.6871185
0.0037400518
0.0
0.0
0.0
1.3954467
0.0
0.0
0.043598097
0.12009732
0.15319215
1.5561608
0.0
0.0
0.0
0.0
1.3785931
0.040429898
0.0
0.0
0.601988
0.0
0.21727206
0.034413572
1.8742837
0.0
0.039596282
0.0
0.13645859
0.002915913
0.0
0.0
0.0
0.0
0.15836418
0.50823367
0.0
0.0
0.023983186
0.021037461
0.33767354
0.10959731
0.008033204
0.12674782
0.3697352
0.0
0.47407943
0.0
0.0
0.010191108
1.7121937
0.00017182867
0.051244065
0.0
0.6319006
0.0021702377
0.013023586
0.0
0.24728192
0.33217883
0.0
0.21463087
0.006455884
1.2037531
1.5152974
0.81570125
0.032084282
0.0
0.0012527616
0.0
0.20473714
0.074960485
0.08196307
0.0
0.0690828
0.0
0.0
0.02562863
0.0
1.0251784
0.15485203
0.0
0.4066131
0.0
0.06151133
0.0
1.7242311
0.24726303
0.0
0.006232093
0.17511068
0.0
0.0035574231
0.0
0.0
0.35368377
0.08647814
0.0
1.9651327
0.29875967
0.0
0.7843346
0.10650035
0.110973075
0.0
0.0
0.55263853
0.0132647585
0.0
0.013614045
0.0
0.0
0.89183784
0.0
0.5017583
0.38996482
0.0
1.8029677
0.0
0.0
0.44915414
0.0
0.0
0.2682482
0.0
0.0
3.269541e-05
0.5119392
0.018470379
0.095422335
0.0
0.0
0.0
0.15165521
0.07754377
0.0
0.0
0.0
0.05017679
0.0
1.0460297
0.012607443
0.23152128
0.10145818
0.049657807
0.26657158
1.4349465
0.0
0.04515042
0.30905396
0.37057358
0.0
0.086163305
0.02385362
0.7217291
0.0
0.2709182
0.0
0.036522385
0.0
0.049276177
0.19769797
0.91872436
0.5687873
0.03566593
0.0
0.25674346
0.4729289
0.20038593
0.026525619
1.4103814
0.050744306
0.0
0.055803802
0.35311052
0.056174167
0.41005266
0.13113345
0.031474628
1.5913488
0.15268563
0.0
0.7746164
0.0
0.0
0.62553
0.0
0.16856149
0.0
0.0
0.0
1.6418108
0.0
0.3300877
0.051539633
0.0
0.0
0.009217112
0.0
0.013078197
0.3097338
0.0
0.0
0.896563
1.9401525
0.0
0.0
0.5681132
0.0
2.1768734
1.1021442
1.3193249
0.70167106
0.050434798
0.23944567
0.14189836
0.01738073
0.8743851
0.0
0.05751312
0.061312623
1.0325115
0.0068494203
1.0373468
0.0
0.0
0.0
0.30594784
1.2424875
0.025475215
0.53192884
0.017931715
0.0
0.0
0.0
0.0
0.5173382
0.0
2.1452453
0.0
0.36421436
0.02294386
0.0
0.051728863
0.6849968
2.1665008
0.0
0.0
0.0
0.0
0.0
0.0
0.01673264
0.0
0.007932941
0.20515259
0.0
0.0
0.0
0.0
0.0
0.22429632
1.0831202
0.17461646
0.84979117
0.0
0.0
0.087114945
0.0
0.0
0.04117384
0.02350034
0.0
0.03747029
0.0
0.0
0.0
0.0
0.0
1.8460826
0.0
1.1517931
0.16547017
0.33937645
0.0
0.46086937
0.0
0.0
0.0
0.18476313
0.257659
1.1870627
0.39075816
0.0
0.0
0.0
0.104688525
0.9527387
0.67593706
0.0
0.5646715
0.41303676
0.0
0.0
0.0
0.13054238
0.8384239
0.0
0.0
0.07138271
0.0
0.32409295
0.008903401
0.0
0.06711445
0.0
0.0
0.0
0.08426677
0.0
0.3753853
0.004889722
0.22181255
0.057900555
0.043697823
0.24349634
0.0
0.0
0.6087333
0.17565356
0.047084667
0.0
0.79868895
0.0
0.14672334
0.44788796
0.12772739
0.0
0.10327132
0.0
0.058019277
0.59220576
1.4053555
0.05469797
1.3653656
0.057062946
0.0
0.19892547
